1015
1777
2174
3498
4676
2229
1020
2492
3492
3379
1106
2792
2642
3776
4774
1246
4330
2015
3318
4774
4834
2619
2906
2087
1093
1147
3932
2111
4274
4900
1546
4538
4433
3665
2857
3830
4434
3797
1128
2088
3410
4792
4591
3455
4183
2966
1972
3846
4755
4075
3092
4427
2750
3354
3713
1714
4140
1892
3818
1073
3681
4560
1184
2984
1448
4030
4067
3591
1330
1990
4804
2163
2361
1053
2162
2986
1314
1786
1416
4272
4617
3573
3615
3596
1541
4026
4906
2569
4502
2041
1360
4630
1471
2266
1119
2743
1943
3492
2534
1190
2458
2162
1686
2982
4121
4117
1646
3555
4227
3366
3115
1112
3387
1531
1386
4406
1607
2992
3971
2837
4593
1793
4647
2103
3791
1317
1658
3615
3915
4404
1435
4611
1030
1853
2122
4118
2392
1082
2881
3600
4882
4263
4922
2030
1721
1357
1157
4056
3921
4926
3070
2801
1698
4121
4599
1002
3004
4525
2811
4831
2525
2719
2663
2766
1685
1725
4925
4977
2566
4682
1422
3519
4552
2300
4425
3180
3554
4743
1845
2988
1363
4996
2740
4654
3765
2086
3676
2140
4452
3390
2758
1312
4491
1704
2904
2218
1769
4572
1992
3266
2161
3794
2524
4127
2063
4980
4859
3547
3805
3498
4186
4636
4692
4879
1913
3465
4933
4082
1634
2496
4526
2148
3420
4781
1023
4998
4333
1266
3314
1536
2965
4665
2285
3086
2715
3959
4125
2272
2735
3142
4561
4246
3208
4809
4529
4696
4460
3432
1060
1028
4138
4850
3650
3838
2877
2206
3802
2188
4299
4378
2771
4208
4491
3301
2694
3199
1562
3239
3987
3322
4710
2044
1177
1667
2382
2490
4079
1914
2383
2171
2741
4033
2302
1907
4254
3803
4948
4625
3775
2729
4622
2681
2430
2434
4435
3251
1491
4994
4357
4556
1733
2937
3672
3405
3661
2980
2989
4611
1656
3654
1589
1177
4617
3915
4512
2206
1220
4081
1836
3649
3033
4513
2352
1935
1036
2191
3474
1209
1424
1999
4999
3174
2767
1183
3227
1063
2097
1004
2900
2763
2635
1523
2949
1543
3053
3758
4393
2083
3636
3131
3531
4282
2534
3806
2990
2441
4455
2444
4993
3110
2600
4746
3084
3969
1675
